img1\00000013_034.png 15
Atelectasis 411.8 512.5 219.0 139.1
Atelectasis 660.0 440.0 216.0 136.0
Cardiomegaly 348.5 392.3 479.8 381.1
Cardiomegaly 268.0 728.0 476.0 232.0
Effusion 396.5 415.8 221.6 318.0
Effusion 268.0 96.0 220.0 316.0
Infiltration 394.5 389.1 294.0 297.4
Infiltration 364.0 492.0 292.0 296.0
Mass 434.3 366.7 168.7 189.8
Mass 420.0 672.0 168.0 188.0
Nodule 502.4 458.7 71.9 70.4
Nodule 732.0 472.0 68.0 68.0
Pneumonia 378.7 416.7 276.5 304.5
Pneumonia 112.0 616.0 276.0 304.0
Pneumothorax 369.3 209.4 198.9 246.0
